image_width: 640
image_height: 480
camera_name: camera
camera_matrix:
  rows: 3
  cols: 3
  data: [352.827781, 0.000000, 334.180384, 0.000000, 352.943957, 229.502370, 0.000000, 0.000000, 1.000000]
distortion_model: plumb_bob
distortion_coefficients:
  rows: 1
  cols: 5
  data: [-0.295285, 0.070241, 0.000009, -0.000538, 0.000000]
rectification_matrix:
  rows: 3
  cols: 3
  data: [1.000000, 0.000000, 0.000000, 0.000000, 1.000000, 0.000000, 0.000000, 0.000000, 1.000000]
projection_matrix:
  rows: 3
  cols: 4
  data: [253.699707, 0.000000, 333.765348, 0.000000, 0.000000, 294.110474, 224.625687, 0.000000, 0.000000, 0.000000, 1.000000, 0.000000]
