# oST version 5.0 parameters


[image]

width
640

height
480

[narrow_stereo]

camera matrix
352.827781 0.000000 334.180384
0.000000 352.943957 229.502370
0.000000 0.000000 1.000000

distortion
-0.295285 0.070241 0.000009 -0.000538 0.000000

rectification
1.000000 0.000000 0.000000
0.000000 1.000000 0.000000
0.000000 0.000000 1.000000

projection
253.699707 0.000000 333.765348 0.000000
0.000000 294.110474 224.625687 0.000000
0.000000 0.000000 1.000000 0.000000

